6357 5009 6934 6248 7403 5012 2724 5896 5504 4935 7691 3705 3500 7272 21 3957 2
6 5009 6934 6248 7403 5012 2724 5896 5504 4935 7691 3705 3500 7272 21 3957 2
6357 5009 6934 6248 7403 5012 2724 5896 5504 4935 7691 3705 3500 7272 21 3957 2
6357 5009 6934 6248 7403 5012 2724 5896 5504 4935 7691 3705 3500 7272 21 3957 2
6357 5009 6934 6248 7403 5012 2724 5896 5504 4935 7691 3705 3500 7272 21 3957 2
6357 5009 6934 6248 7403 5012 2724 5896 5504 4935 7691 3705 3500 7272 21 3957 2
6357 5009 6934 6248 7403 5012 2724 5896 5504 4935 7691 3705 3500 7272 21 3957 2
7598 5734 1099 854 2900 487 5685 7793 8921 2891 5901 4774 991 8117 6190 4744 2
7598 5734 1099 854 2900 487 5685 7793 8921 2891 5901 4774 991 8117 6190 4744 2
7598 5734 1099 854 2900 487 5685 7793 8921 2891 5901 4774 991 8117 6190 4744 2
7598 5734 1099 854 2900 487 5685 7793 8921 2891 5901 4774 991 8117 6190 4744 2
7598 5734 1099 854 2900 487 5685 7793 8921 2891 5901 4774 991 8117 6190 4744 2
7598 5734 1099 854 2900 487 5685 7793 8921 2891 5901 4774 991 8117 6190 4744 2
7598 5734 1099 854 2900 487 5685 7793 8921 2891 5901 4774 991 8117 6190 4744 2
