4958 6366 4527 154 8992 2464 4703 1892 4799 1219 7722 3398 3232 6115 659 611 7
2904 6784 5345 786 4102 457 4612 2290 3765 5587 2754 2519 5989 3721 6712 7305 4
2904 6784 5345 786 4102 457 4612 2290 3765 5587 2754 2519 5989 3721 6712 7305 4
2904 6784 5345 786 4102 457 4612 2290 3765 5587 2754 2519 5989 3721 6712 7305 4
2904 6784 5345 786 4102 457 4612 2290 3765 5587 2754 2519 5989 3721 6712 7305 4
2904 6784 5345 786 4102 457 4612 2290 3765 5587 2754 2519 5989 3721 6712 7305 4
2904 6784 5345 786 4102 457 4612 2290 3765 5587 2754 2519 5989 3721 6712 7305 4
2904 6784 5345 786 4102 457 4612 2290 3765 5587 2754 2519 5989 3721 6712 7305 4
2904 6784 5345 786 4102 457 4612 2290 3765 5587 2754 2519 5989 3721 6712 7305 4
2904 6784 5345 786 4102 457 4612 2290 3765 5587 2754 2519 5989 3721 6712 7305 4
2904 6784 5345 786 4102 457 4612 2290 3765 5587 2754 2519 5989 3721 6712 7305 4
2904 6784 5345 786 4102 457 4612 2290 3765 5587 2754 2519 5989 3721 6712 7305 4
2904 6784 5345 786 4102 457 4612 2290 3765 5587 2754 2519 5989 3721 6712 7305 4
8744 7008 7977 7754 7979 2675 1846 3504 2701 5466 6642 6159 1779 1762 7499 748 1000
