898 1547 4535 5339 376 5839 5351 2542 150 3894 2678 3637 7992 5316 7842 7149 6
898 1547 4535 5339 376 5839 5351 2542 150 3894 2678 3637 7992 5316 7842 7149 6
898 1547 4535 5339 376 5839 5351 2542 150 3894 2678 3637 7992 5316 7842 7149 6
898 1547 4535 5339 376 5839 5351 2542 150 3894 2678 3637 7992 5316 7842 7149 6
898 1547 4535 5339 376 5839 5351 2542 150 3894 2678 3637 7992 5316 7842 7149 6
898 1547 4535 5339 376 5839 5351 2542 150 3894 2678 3637 7992 5316 7842 7149 6
898 1547 4535 5339 376 5839 5351 2542 150 3894 2678 3637 7992 5316 7842 7149 6
898 1547 4535 5339 376 5839 5351 2542 150 3894 2678 3637 7992 5316 7842 7149 6
898 1547 4535 5339 376 5839 5351 2542 150 3894 2678 3637 7992 5316 7842 7149 6
898 1547 4535 5339 376 5839 5351 2542 150 3894 2678 3637 7992 5316 7842 7149 6
6041 2783 8785 5843 506 734 7497 1479 2001 6857 70 960 4953 1084 4066 5411 3
6041 2783 8785 5843 506 734 7497 1479 2001 6857 70 960 4953 1084 4066 5411 3
6041 2783 8785 5843 506 734 7497 1479 2001 6857 70 960 4953 1084 4066 5411 3
6041 2783 8785 5843 506 734 7497 1479 2001 6857 70 960 4953 1084 4066 5411 3
