6613 7317 8401 0 1288 5199 3936 508 7086 4328 8037 5193 2454 2665 1570 5941 4
6613 7317 8401 0 1288 5199 3936 508 7086 4328 8037 5193 2454 2665 1570 5941 4
6613 7317 8401 0 1288 5199 3936 508 7086 4328 8037 5193 2454 2665 1570 5941 4
6613 7317 8401 0 1288 5199 3936 508 7086 4328 8037 5193 2454 2665 1570 5941 4
6613 7317 8401 0 1288 5199 3936 508 7086 4328 8037 5193 2454 2665 1570 5941 4
2791 7851 2666 4939 7175 7846 3345 6755 8208 4747 4190 1169 5344 3565 3912 4658 9
2791 7851 2666 4939 7175 7846 3345 6755 8208 4747 4190 1169 5344 3565 3912 4658 9
2791 7851 2666 4939 7175 7846 3345 6755 8208 4747 4190 1169 5344 3565 3912 4658 9
2791 7851 2666 4939 7175 7846 3345 6755 8208 4747 4190 1169 5344 3565 3912 4658 9
2791 7851 2666 4939 7175 7846 3345 6755 8208 4747 4190 1169 5344 3565 3912 4658 9
2791 7851 2666 4939 7175 7846 3345 6755 8208 4747 4190 1169 5344 3565 3912 4658 9
2791 7851 2666 4939 7175 7846 3345 6755 8208 4747 4190 1169 5344 3565 3912 4658 9
2791 7851 2666 4939 7175 7846 3345 6755 8208 4747 4190 1169 5344 3565 3912 4658 9
2791 7851 2666 4939 7175 7846 3345 6755 8208 4747 4190 1169 5344 3565 3912 4658 9
