3835 4972 3337 1837 5403 1107 4912 5755 3933 5962 444 2505 236 3426 4685 1562 6
3835 4972 3337 1837 5403 1107 4912 5755 3933 5962 444 2505 236 3426 4685 1562 6
3835 4972 3337 1837 5403 1107 4912 5755 3933 5962 444 2505 236 3426 4685 1562 6
3835 4972 3337 1837 5403 1107 4912 5755 3933 5962 444 2505 236 3426 4685 1562 6
3835 4972 3337 1837 5403 1107 4912 5755 3933 5962 444 2505 236 3426 4685 1562 6
6 5009 6934 6248 7403 5012 2724 5896 5504 4935 7691 3705 3500 7272 21 3957 2
6357 5009 6934 6248 7403 5012 2724 5896 5504 4935 7691 3705 3500 7272 21 3957 2
6357 5009 6934 6248 7403 5012 2724 5896 5504 4935 7691 3705 3500 7272 21 3957 2
6357 5009 6934 6248 7403 5012 2724 5896 5504 4935 7691 3705 3500 7272 21 3957 2
6 5009 6934 6248 7403 5012 2724 5896 5504 4935 7691 3705 3500 7272 21 3957 2
6357 5009 6934 6248 7403 5012 2724 5896 5504 4935 7691 3705 3500 7272 21 3957 2
6357 5009 6934 6248 7403 5012 2724 5896 5504 4935 7691 3705 3500 7272 21 3957 2
6357 5009 6934 6248 7403 5012 2724 5896 5504 4935 7691 3705 3500 7272 21 3957 2
6357 5009 6934 6248 7403 5012 2724 5896 5504 4935 7691 3705 3500 7272 21 3957 2
