7598 5734 1099 854 2900 487 5685 7793 8921 2891 5901 4774 991 8117 6190 4744 2
7598 5734 1099 854 2900 487 5685 7793 8921 2891 5901 4774 991 8117 6190 4744 2
7598 5734 1099 854 2900 487 5685 7793 8921 2891 5901 4774 991 8117 6190 4744 2
7598 5734 1099 854 2900 487 5685 7793 8921 2891 5901 4774 991 8117 6190 4744 2
7598 5734 1099 854 2900 487 5685 7793 8921 2891 5901 4774 991 8117 6190 4744 2
4371 5860 3520 586 344 3909 715 7216 4991 6450 4004 8100 7451 607 4594 6714 8
4371 5860 3520 586 344 3909 715 7216 4991 6450 4004 8100 7451 607 4594 6714 8
4371 5860 3520 586 344 3909 715 7216 4991 6450 4004 8100 7451 607 4594 6714 8
4371 5860 3520 586 344 3909 715 7216 4991 6450 4004 8100 7451 607 4594 6714 8
4371 5860 3520 586 344 3909 715 7216 4991 6450 4004 8100 7451 607 4594 6714 8
4371 5860 3520 586 344 3909 715 7216 4991 6450 4004 8100 7451 607 4594 6714 8
4371 5860 3520 586 344 3909 715 7216 4991 6450 4004 8100 7451 607 4594 6714 8
4371 5860 3520 586 344 3909 715 7216 4991 6450 4004 8100 7451 607 4594 6714 8
4371 5860 3520 586 344 3909 715 7216 4991 6450 4004 8100 7451 607 4594 6714 8
