8744 7008 7977 7754 7979 2675 1846 3504 2701 5466 6642 6159 1779 1762 7499 748 6
8744 7008 7977 7754 7979 2675 1846 3504 2701 5466 6642 6159 1779 1762 7499 748 6
8744 7008 7977 7754 7979 2675 1846 3504 2701 5466 6642 6159 1779 1762 7499 748 6
8744 7008 7977 7754 7979 2675 1846 3504 2701 5466 6642 6159 1779 1762 7499 748 6
8744 7008 7977 7754 7979 2675 1846 3504 2701 5466 6642 6159 1779 1762 7499 748 6
8744 7008 7977 7754 7979 2675 1846 3504 2701 5466 6642 6159 1779 1762 7499 748 6
8744 7008 7977 7754 7979 2675 1846 3504 2701 5466 6642 6159 1779 1762 7499 748 6
8744 7008 7977 7754 7979 2675 1846 3504 2701 5466 6642 6159 1779 1762 7499 748 6
8744 7008 7977 7754 7979 2675 1846 3504 2701 5466 6642 6159 1779 1762 7499 748 6
8744 7008 7977 7754 7979 2675 1846 3504 2701 5466 6642 6159 1779 1762 7499 748 6
8744 7008 7977 7754 7979 2675 1846 3504 2701 5466 6642 6159 1779 1762 7499 748 6
6613 7317 8401 0 1288 5199 3936 508 7086 4328 8037 5193 2454 2665 1570 5941 4
6613 7317 8401 0 1288 5199 3936 508 7086 4328 8037 5193 2454 2665 1570 5941 4
6613 7317 8401 0 1288 5199 3936 508 7086 4328 8037 5193 2454 2665 1570 5941 4
