6041 2783 8785 5843 506 734 7497 1479 2001 6857 70 960 4953 1084 4066 5411 3
6041 2783 8785 5843 506 734 7497 1479 2001 6857 70 960 4953 1084 4066 5411 3
6041 2783 8785 5843 506 734 7497 1479 2001 6857 70 960 4953 1084 4066 5411 3
6041 2783 8785 5843 506 734 7497 1479 2001 6857 70 960 4953 1084 4066 5411 3
6041 2783 8785 5843 506 734 7497 1479 2001 6857 70 960 4953 1084 4066 5411 3
16 2783 8785 5843 506 734 7497 1479 2001 6857 70 960 4953 1084 4066 5411 3
6041 2783 8785 5843 506 734 7497 1479 2001 6857 70 960 4953 1084 4066 5411 3
6041 2783 8785 5843 506 734 7497 1479 2001 6857 70 960 4953 1084 4066 5411 3
16 2783 8785 5843 506 734 7497 1479 2001 6857 70 960 4953 1084 4066 5411 3
6041 2783 8785 5843 506 734 7497 1479 2001 6857 70 960 4953 1084 4066 5411 3
6041 2783 8785 5843 506 734 7497 1479 2001 6857 70 960 4953 1084 4066 5411 3
16 2783 8785 5843 506 734 7497 1479 2001 6857 70 960 4953 1084 4066 5411 3
6437 3089 958 3864 3764 1153 7028 4384 1089 7627 3498 4900 5054 6196 6108 6032 6
6437 3089 958 3864 3764 1153 7028 4384 1089 7627 3498 4900 5054 6196 6108 6032 6
