101 88 0 0 0 0 0 0 0 0 0 0 0 0 0 0 0
6294 765 990 7286 8082 1360 7662 452 594 6640 2648 916 6241 5735 5390 8836 8
6294 765 990 7286 8082 1360 7662 452 594 6640 2648 916 6241 5735 5390 8836 8
6294 765 990 7286 8082 1360 7662 452 594 6640 2648 916 6241 5735 5390 8836 8
6294 765 990 7286 8082 1360 7662 452 594 6640 2648 916 6241 5735 5390 8836 8
6294 765 990 7286 8082 1360 7662 452 594 6640 2648 916 6241 5735 5390 8836 8
6294 765 990 7286 8082 1360 7662 452 594 6640 2648 916 6241 5735 5390 8836 8
6294 765 990 7286 8082 1360 7662 452 594 6640 2648 916 6241 5735 5390 8836 8
6294 765 990 7286 8082 1360 7662 452 594 6640 2648 916 6241 5735 5390 8836 8
6294 765 990 7286 8082 1360 7662 452 594 6640 2648 916 6241 5735 5390 8836 8
6294 765 990 7286 8082 1360 7662 452 594 6640 2648 916 6241 5735 5390 8836 8
6294 765 990 7286 8082 1360 7662 452 594 6640 2648 916 6241 5735 5390 8836 8
6294 765 990 7286 8082 1360 7662 452 594 6640 2648 916 6241 5735 5390 8836 8
898 1547 4535 5339 376 5839 5351 2542 150 3894 2678 3637 7992 5316 7842 7149 6
