522 4081 695 4765 4235 7354 4240 3254 7290 7195 3931 8736 7605 4745 3858 8114 7
522 4081 695 4765 4235 7354 4240 3254 7290 7195 3931 8736 7605 4745 3858 8114 7
522 4081 695 4765 4235 7354 4240 3254 7290 7195 3931 8736 7605 4745 3858 8114 7
522 4081 695 4765 4235 7354 4240 3254 7290 7195 3931 8736 7605 4745 3858 8114 7
522 4081 695 4765 4235 7354 4240 3254 7290 7195 3931 8736 7605 4745 3858 8114 7
522 4081 695 4765 4235 7354 4240 3254 7290 7195 3931 8736 7605 4745 3858 8114 7
522 4081 695 4765 4235 7354 4240 3254 7290 7195 3931 8736 7605 4745 3858 8114 7
3835 4972 3337 1837 5403 1107 4912 5755 3933 5962 444 2505 236 3426 4685 1562 6
3835 4972 3337 1837 5403 1107 4912 5755 3933 5962 444 2505 236 3426 4685 1562 6
3835 4972 3337 1837 5403 1107 4912 5755 3933 5962 444 2505 236 3426 4685 1562 6
3835 4972 3337 1837 5403 1107 4912 5755 3933 5962 444 2505 236 3426 4685 1562 6
3835 4972 3337 1837 5403 1107 4912 5755 3933 5962 444 2505 236 3426 4685 1562 6
3835 4972 3337 1837 5403 1107 4912 5755 3933 5962 444 2505 236 3426 4685 1562 6
3835 4972 3337 1837 5403 1107 4912 5755 3933 5962 444 2505 236 3426 4685 1562 6
