6437 3089 958 3864 3764 1153 7028 4384 1089 7627 3498 4900 5054 6196 6108 6032 6
6437 3089 958 3864 3764 1153 7028 4384 1089 7627 3498 4900 5054 6196 6108 6032 6
6437 3089 958 3864 3764 1153 7028 4384 1089 7627 3498 4900 5054 6196 6108 6032 6
6437 3089 958 3864 3764 1153 7028 4384 1089 7627 3498 4900 5054 6196 6108 6032 6
6437 3089 958 3864 3764 1153 7028 4384 1089 7627 3498 4900 5054 6196 6108 6032 6
6437 3089 958 3864 3764 1153 7028 4384 1089 7627 3498 4900 5054 6196 6108 6032 6
6437 3089 958 3864 3764 1153 7028 4384 1089 7627 3498 4900 5054 6196 6108 6032 6
6437 3089 958 3864 3764 1153 7028 4384 1089 7627 3498 4900 5054 6196 6108 6032 6
6437 3089 958 3864 3764 1153 7028 4384 1089 7627 3498 4900 5054 6196 6108 6032 6
522 4081 695 4765 4235 7354 4240 3254 7290 7195 3931 8736 7605 4745 3858 8114 7
522 4081 695 4765 4235 7354 4240 3254 7290 7195 3931 8736 7605 4745 3858 8114 7
522 4081 695 4765 4235 7354 4240 3254 7290 7195 3931 8736 7605 4745 3858 8114 7
522 4081 695 4765 4235 7354 4240 3254 7290 7195 3931 8736 7605 4745 3858 8114 7
522 4081 695 4765 4235 7354 4240 3254 7290 7195 3931 8736 7605 4745 3858 8114 7
