6613 7317 8401 0 1288 5199 3936 508 7086 4328 8037 5193 2454 2665 1570 5941 4
6613 7317 8401 0 1288 5199 3936 508 7086 4328 8037 5193 2454 2665 1570 5941 4
6613 7317 8401 0 1288 5199 3936 508 7086 4328 8037 5193 2454 2665 1570 5941 4
6613 7317 8401 0 1288 5199 3936 508 7086 4328 8037 5193 2454 2665 1570 5941 4
6613 7317 8401 0 1288 5199 3936 508 7086 4328 8037 5193 2454 2665 1570 5941 4
6613 7317 8401 0 1288 5199 3936 508 7086 4328 8037 5193 2454 2665 1570 5941 4
6613 7317 8401 0 1288 5199 3936 508 7086 4328 8037 5193 2454 2665 1570 5941 4
6613 7317 8401 0 1288 5199 3936 508 7086 4328 8037 5193 2454 2665 1570 5941 4
6613 7317 8401 0 1288 5199 3936 508 7086 4328 8037 5193 2454 2665 1570 5941 4
6613 7317 8401 0 1288 5199 3936 508 7086 4328 8037 5193 2454 2665 1570 5941 4
6613 7317 8401 0 1288 5199 3936 508 7086 4328 8037 5193 2454 2665 1570 5941 4
6613 7317 8401 0 1288 5199 3936 508 7086 4328 8037 5193 2454 2665 1570 5941 4
6613 7317 8401 0 1288 5199 3936 508 7086 4328 8037 5193 2454 2665 1570 5941 4
6613 7317 8401 0 1288 5199 3936 508 7086 4328 8037 5193 2454 2665 1570 5941 4
