4371 5860 3520 586 344 3909 715 7216 4991 6450 4004 8100 7451 607 4594 6714 8
4371 5860 3520 586 344 3909 715 7216 4991 6450 4004 8100 7451 607 4594 6714 8
4371 5860 3520 586 344 3909 715 7216 4991 6450 4004 8100 7451 607 4594 6714 8
4958 6366 4527 154 8992 2464 4703 1892 4799 1219 7722 3398 3232 6115 659 611 7
4958 6366 4527 154 8992 2464 4703 1892 4799 1219 7722 3398 3232 6115 659 611 7
4958 6366 4527 154 8992 2464 4703 1892 4799 1219 7722 3398 3232 6115 659 611 7
4958 6366 4527 154 8992 2464 4703 1892 4799 1219 7722 3398 3232 6115 659 611 7
4958 6366 4527 154 8992 2464 4703 1892 4799 1219 7722 3398 3232 6115 659 611 7
4958 6366 4527 154 8992 2464 4703 1892 4799 1219 7722 3398 3232 6115 659 611 7
4958 6366 4527 154 8992 2464 4703 1892 4799 1219 7722 3398 3232 6115 659 611 7
4958 6366 4527 154 8992 2464 4703 1892 4799 1219 7722 3398 3232 6115 659 611 7
4958 6366 4527 154 8992 2464 4703 1892 4799 1219 7722 3398 3232 6115 659 611 7
4958 6366 4527 154 8992 2464 4703 1892 4799 1219 7722 3398 3232 6115 659 611 7
4958 6366 4527 154 8992 2464 4703 1892 4799 1219 7722 3398 3232 6115 659 611 7
