2791 7851 2666 4939 7175 7846 3345 6755 8208 4747 4190 1169 5344 3565 3912 4658 9
2791 7851 2666 4939 7175 7846 3345 6755 8208 4747 4190 1169 5344 3565 3912 4658 9
2791 7851 2666 4939 7175 7846 3345 6755 8208 4747 4190 1169 5344 3565 3912 4658 9
6793 8310 4592 1697 6997 5977 5938 6678 3772 3125 8040 926 8022 1563 1461 8205 5
6793 8310 4592 1697 6997 5977 5938 6678 3772 3125 8040 926 8022 1563 1461 8205 5
6793 8310 4592 1697 6997 5977 5938 6678 3772 3125 8040 926 8022 1563 1461 8205 5
6793 8310 4592 1697 6997 5977 5938 6678 3772 3125 8040 926 8022 1563 1461 8205 5
6793 8310 4592 1697 6997 5977 5938 6678 3772 3125 8040 926 8022 1563 1461 8205 5
6793 8310 4592 1697 6997 5977 5938 6678 3772 3125 8040 926 8022 1563 1461 8205 5
6793 8310 4592 1697 6997 5977 5938 6678 3772 3125 8040 926 8022 1563 1461 8205 5
6793 8310 4592 1697 6997 5977 5938 6678 3772 3125 8040 926 8022 1563 1461 8205 5
6793 8310 4592 1697 6997 5977 5938 6678 3772 3125 8040 926 8022 1563 1461 8205 5
6793 8310 4592 1697 6997 5977 5938 6678 3772 3125 8040 926 8022 1563 1461 8205 5
6793 8310 4592 1697 6997 5977 5938 6678 3772 3125 8040 926 8022 1563 1461 8205 5
